Искомые неизвестные:
X1 = -0.0627374
X2 = 0.379407
X3 = -0.0428219
X4 = -0.404394
X5 = 1.91847
X6 = 0.598765
X7 = 1.72258
X8 = -1.04751
X9 = -0.840578
X10 = 0.680533

Относительная погрешность = 3.28626e-14
